# polygon-def-guide: [Color.R,Color.G,Color.B];[A.X,A.Y,A.Z];[B.X,B.Y,B.Z];[C.X,C.Y,C.Z];....


#[0,0,0];[20,-130,150];[120,-130,150];[120,-30,150];[20,-30,150]
#[0,0,0];[20,-130,280];[120,-130,280];[120,-30,280];[20,-30,280]
#[0,0,0];[-5,-170,240];[145,-150,260];[70,10,270]

#[0,20,75];[20,-130,150];[120,-130,150];[120,-30,150];[20,-30,150]
#[120,0,0];[-120,-130,200];[-20,-130,200];[0,-30,200];[-70,30,200];[-140,-30,200]
#[0,255,0];[0,-130,280];[100,-130,280];[100,-30,280];[0,-30,280]

#[0,20,75];[-40,-40,150];[10,-40,150];[10,10,150];[-40,10,150]
#[0,75,20];[-20,-20,170];[30,-20,170];[30,30,170];[-20,30,170]
#[75,20,20];[-20,-20,200];[80,-30,200];[50,80,200]

# PW
#[0,100,240];[100,-60,200];[120,-60,200];[120,40,200];[65,40,200];[65,-10,200];[100,-10,200]
#[255,199,79];[80,5,201];[100,5,201];[100,25,201];[80,25,201]
#[0,100,240];[50,40,200];[40,40,200];[30,-20,200];[20,30,200];[10,-20,200];[0,40,200];[-10,40,200];[10,-60,200];[20,-10,200];[30,-60,200]
#[255,199,79];[-20,-70,190];[140,-70,190];[140,50,190];[-20,50,190]

# cube
[0,255,0];[-50,-50,150];[50,-50,150];[50,50,150];[-50,50,150]
[0,0,255];[-50,-50,250];[50,-50,250];[50,50,250];[-50,50,250]
[255,0,0];[50,-50,150];[50,-50,250];[50,50,250];[50,50,150]
[255,165,0];[-50,-50,250];[-50,-50,150];[-50,50,150];[-50,50,250]
[255,255,255];[-50,50,150];[50,50,150];[50,50,250];[-50,50,250]
[255,255,0];[-50,-50,150];[50,-50,150];[50,-50,250];[-50,-50,250]